Ts = 1/100;